;Exported by: Administrator
;Date:        Thu Aug 17 09:46:46 2017
;File:        C:\Users\Administrator\Desktop\E75\Pz4G.max
{Skeleton
  {animation
    {sequence "start"}
    {sequence "stop"}
    {sequence "fire"}
    {sequence "open" {resume}}
    {sequence "open_back" {resume}}
    {sequence "open_top" {resume}}
    {sequence "open_driver" {resume}}
    {sequence "hit"}
    {sequence "fire_mgun"}
  }
  {bone "basis"
    {parameters "Wheelradius=0.4;"}
    {Orientation
      1  0  0
      0  -1  0
      0  0  1
    }
    {bone "body"
      {parameters "ID=body;"}
      {animation
        {sequence "repair" {file "body_r.anm"}}
      }
      {Position 0.0168302  0.873796  7.27718}
      {VolumeView "body.ply"}
      {bone revolute "wheelr10"
        {parameters "ID=trackright;"}
        {Matrix34
          -1  0  0
          0  0  1
          0  1  0
          -55.6379  -27.7881  4.81426
        }
        {VolumeView "wheelr10.ply"}
      }
      {bone revolute "wheell10"
        {parameters "ID=body;"}
        {animation
          {sequence "repair" {file "body_r.anm"}}
        }
        {Matrix34
          -1  0  0
          0  0  1
          0  1  0
          -55.6379  26.0911  4.81426
        }
        {VolumeView "wheell10.ply"}
      }
      {bone revolute "wheell1"
        {parameters "Radius=0.6;ID=trackleft;"}
        {Matrix34
          -1  0  0
          0  0  1
          0  1  0
          52.9909  24.7154  8.63113
        }
        {VolumeView "wheell1.ply"}
      }
      {bone revolute "wheelr1"
        {parameters "Radius=0.6;ID=trackright;"}
        {Matrix34
          -1  0  0
          0  0  1
          0  -1  0
          52.9909  -26.4124  8.63113
        }
        {VolumeView "wheelr1.ply"}
      }
      {bone revolute "turret"
        {parameters "ID=turret;"}
        {animation
          {sequence "repair" {file "turret_r.anm"}}
        }
        {speed 0.00684}
        {Matrix34
          1  0  0
          0  1  0
          0  0  1
          -5.0113411  -0.85  30.255
        }
        {VolumeView "turret.ply"}
        {bone revolute "gun_rot"
          {parameters "ID=turret;"}
          {limits -15 8}
          {speed 0.004}
          {Matrix34
            1  0  0
            0  0  -1
            0  1  0
            26.2133  0.0725136  10.0314
          }
          {VolumeView "gun_rot2.ply"}
          {bone "gun"
            {parameters "ID=gun;"}
            {Matrix34
              -1  0  0
              0  0  -1
              0  -1  0
              17.1421  0.896652  0.199992
            }
            {VolumeView "gun2.ply"}
            {bone "foresight1"
              {Matrix34
                -1  0  0
                0  0  1
                0  1  0
                -91.3109  -0.0138942  -0.00694656
              }
              {bone revolute "idf_fire"
                {limits 13 13}
                {Matrix34
                  1  0  0
                  0  1  0
                  0  0  1
                  0  0  0
                }
              }
            }
          }
          {bone "foresight5"
            {Matrix34
              1  0  0
              0  0  -1
              0  1  0
              1.13037  -0.511932  -7.5782
            }
          }
        }
        {bone revolute "turret_mgun"
          {terminator}
          {Position -6.29171  8.70488  22.2018}
          {bone "gunner2"
            {Matrix34
              0.999338  0  -0.0363878
              0  1  0
              0.0363878  0  0.999338
              1.65339  -0.220331  -18.0373
            }
          }
          {bone revolute "mgun_rot"
            {limits -20 10}
            {speed 0.03}
            {Matrix34
              1  0  0
              0  0  1
              0  -1  0
              7.55838  -0.175448  5.68554
            }
            {bone revolute "mgun2"
            }
          }
        }
        {bone "visor1"
          {Position 6.77008  9.2884  21.4417}
        }
        {bone "cover1"
          {parameters "ID=turret;"}
          {Matrix34
            0  0  -1
            0  1  0
            1  0  0
            -4.54039  16.2516  23.2252
          }
          {VolumeView "cover1.ply"}
        }
        {bone "cover_top"
          {parameters "ID=turret;"}
          {Matrix34
            0.984808  0  0.173648
            0  1  0
            -0.173648  0  0.984808
            -20.4612  2.6278  20.9399
          }
          {VolumeView "cover_top.ply"}
        }
        {bone "cover_back"
          {parameters "ID=turret;"}
          {Position -44.9194  -0.13202  5.98764}
          {VolumeView "cover_back.ply"}
        }
        {bone "fx_inv1"
          {Position -20.4612  2.6278  23}
        }
        {bone "fx_inv2"
          {Position -47  -0.13202  5.98764}
        }
      }
      {bone "visor2"
        {Position 41.8811  8.70686  31.8558}
      }
      {bone "fxfire2"
        {Matrix34
          0  0  1
          0  -1  0
          1  0  0
          -0.780167  1.45334  4.82189
        }
      }
      {bone "door_front"
        {parameters "ID=body;"}
        {Position 34.664  14.6856  26.0368}
        {VolumeView "door_front.ply"}
      }
      {bone "seat04"
        {Matrix34
          0.293223  -0.94152  0.166015
          0.956044  0.288768  -0.0509176
          0  0.173648  0.984808
          -50  -25  26
        }
      }
      {bone "seat05"
        {Matrix34
          0.293223  -0.94152  0.166015
          0.956044  0.288768  -0.0509176
          0  0.173648  0.984808
          -50  -25  26
        }
      }
      {bone "seat01"
        {Matrix34
          0.254786  0.952307  0.167917
          -0.966997  0.250915  0.0442431
          0  -0.173648  0.984808
          -50  25  26
        }
      }
      {bone "seat03"
        {Matrix34
          0  -0.984808  0.173648
          1  0  0
          0  0.173648  0.984808
          -65  -25  26
        }
      }
      {bone "seat02"
        {Matrix34
          0  0.984808  0.173648
          -1  0  0
          0  -0.173648  0.984808
          -65  25  26
        }
      }
      {bone "fxsmoke1"
        {Matrix34
          -0.735677  0.0490611  0.675554
          -0.0199651  -0.998511  0.0507735
          0.677039  0.0238654  0.73556
          -83.3154  6.59703  35.9465
        }
      }
      {bone "fxsmoke2"
        {Matrix34
          -0.735677  0.0490611  0.675554
          -0.0199651  -0.998511  0.0507735
          0.677039  0.0238654  0.73556
          -83.3154  -8.22891  35.9465
        }
      }
      {bone "shieldr5"
        {parameters "ID=shieldR5;"}
        {Matrix34
          1  0  0
          0  1  0
          0  0  1
          -26.7999  -33.8843  17.0299
        }
        {VolumeView "shieldr5.ply"}
      }
      {bone "shieldr4"
        {parameters "ID=shieldR4;"}
        {Matrix34
          1  0  0
          0  1  0
          0  0  1
          -3.01003  -33.6704  17.5287
        }
        {VolumeView "shieldr4.ply"}
      }
      {bone "shieldr3"
        {parameters "ID=shieldR3;"}
        {Matrix34
          1  0  0
          0  1  0
          0  0  1
          20.8963  -33.4514  18.0397
        }
        {VolumeView "shieldr3.ply"}
      }
      {bone "shieldl3"
        {parameters "ID=shieldL3;"}
        {Matrix34
          1  0  0
          0  1  0
          0  0  1
          20.8963  31.7541  18.0397
        }
        {VolumeView "shieldl3.ply"}
      }
      {bone "shieldl4"
        {parameters "ID=shieldL4;"}
        {Matrix34
          1  0  0
          0  1  0
          0  0  1
          -3.01001  31.9732  17.5287
        }
        {VolumeView "shieldl4.ply"}
      }
      {bone "shieldl5"
        {parameters "ID=shieldL5;"}
        {Matrix34
          1  0  0
          0  1  0
          0  0  1
          -26.7999  32.187  17.0297
        }
        {VolumeView "shieldl5.ply"}
      }
      {bone "shieldr2"
        {parameters "ID=shieldR2;"}
        {Matrix34
          1  0  0
          0  1  0
          0  0  1
          45.2297  -33.25  18.5094
        }
        {VolumeView "shieldr2.ply"}
      }
      {bone "shieldl2"
        {parameters "ID=shieldL2;"}
        {Matrix34
          1  0  0
          0  1  0
          0  0  1
          45.2298  31.5528  18.5094
        }
        {VolumeView "shieldl2.ply"}
      }
      {bone "shieldr1"
        {parameters "ID=shieldR1;"}
        {Matrix34
          1  0  0
          0  1  0
          0  0  1
          62.3521  -28.2455  20.7187
        }
        {VolumeView "shieldr1.ply"}
      }
      {bone "shieldl1"
        {parameters "ID=shieldL1;"}
        {Matrix34
          1  0  0
          0  1  0
          0  0  1
          62.3521  26.548  20.7187
        }
        {VolumeView "shieldl1.ply"}
      }
      {bone "shieldl7"
        {parameters "ID=shieldL7;"}
        {Matrix34
          1  0  0
          0  1  0
          0  0  1
          -67.6123  26.4519  14.3377
        }
        {VolumeView "shieldl7.ply"}
      }
      {bone "shieldr7"
        {parameters "ID=shieldR7;"}
        {Matrix34
          1  0  0
          0  1  0
          0  0  1
          -67.6123  -28.1493  14.3377
        }
        {VolumeView "shieldr7.ply"}
      }
      {bone "shieldl6"
        {parameters "ID=shieldL6;"}
        {Matrix34
          1  0  0
          0  1  0
          0  0  1
          -53.043  32.404  16.5238
        }
        {VolumeView "shieldl6.ply"}
      }
      {bone "shieldr6"
        {parameters "ID=shieldR6;"}
        {Matrix34
          1  0  0
          0  1  0
          0  0  1
          -53.043  -34.1012  16.5238
        }
        {VolumeView "shieldr6.ply"}
      }
      {bone "engine"
        {parameters "ID=engine;"}
        {animation
          {sequence "repair" {file "engine_r.anm"}}
        }
        {Position -49.1866  -0.638707  31.5177}
        {VolumeView "engine.ply"}
      }
      {bone "fxfire1"
        {Matrix34
          0  0  1
          0  -1  0
          1  0  0
          -54.4078  1.45335  4.82189
        }
      }
    }
    {bone "wheelsl"
      {parameters "ID=trackleft;"}
      {Position -8.53983  25.0577  11.0188}
      {VolumeView "wheelsl.ply"}
      {bone revolute "wheell2"
        {parameters "ID=trackleft;"}
        {Matrix34
          1  0  0
          0  0  -1
          0  1  0
          49.4619  3.99975  -2.31494
        }
        {VolumeView "wheell2.ply"}
      }
      {bone revolute "wheell3"
        {parameters "ID=trackleft;"}
        {Matrix34
          1  0  0
          0  0  -1
          0  1  0
          36.8209  -0.622902  -2.31475
        }
        {VolumeView "wheell3.ply"}
      }
      {bone revolute "wheell4"
        {parameters "ID=trackleft;"}
        {Matrix34
          1  0  0
          0  0  -1
          0  1  0
          26.6008  3.99975  -2.31494
        }
        {VolumeView "wheell4.ply"}
      }
      {bone revolute "wheell5"
        {parameters "ID=trackleft;"}
        {Matrix34
          1  0  0
          0  0  -1
          0  1  0
          13.653  -0.6229  -2.31475
        }
        {VolumeView "wheell5.ply"}
      }
      {bone revolute "wheell6"
        {parameters "ID=trackleft;"}
        {Matrix34
          1  0  0
          0  0  -1
          0  1  0
          3.85852  3.99975  -2.31494
        }
        {VolumeView "wheell6.ply"}
      }
      {bone revolute "wheell7"
        {parameters "ID=trackleft;"}
        {Matrix34
          1  0  0
          0  0  -1
          0  1  0
          -9.02256  -0.622894  -2.31475
        }
        {VolumeView "wheell7.ply"}
      }
      {bone revolute "wheell8"
        {parameters "ID=trackleft;"}
        {Matrix34
          1  0  0
          0  0  -1
          0  1  0
          -18.8353  3.99976  -2.31494
        }
        {VolumeView "wheell8.ply"}
      }
      {bone revolute "wheell9"
        {parameters "ID=trackleft;"}
        {Matrix34
          1  0  0
          0  0  -1
          0  1  0
          -31.7155  -0.6229  -2.31617
        }
        {VolumeView "wheell9.ply"}
      }
      {bone "trackl"
        {parameters "ID=trackleft;"}
        {Matrix34
          1  0  0
          0  0  1
          0  -1  0
          8.10218  2.10732  1.52367
        }
        {VolumeView "trackl.ply"}
      }
      {bone "fxtracel1"
        {Matrix34
          -1  0  0
          0  -1  0
          0  0  1
          37.4521  1.65779  -4.12758
        }
      }
      {bone "fxtracel2"
        {Matrix34
          -0.965926  0  0.258819
          0  -1  0
          0.258819  0  0.965926
          -40.9953  1.6578  -8.08936
        }
      }
    }
    {bone "wheelsr"
      {parameters "ID=trackright;"}
      {Position -8.53982  -25.0072  11.0188}
      {VolumeView "wheelsr.ply"}
      {bone revolute "wheelr2"
        {parameters "ID=trackright;"}
        {Matrix34
          -1  0  0
          0  0  1
          0  1  0
          49.4619  -3.99977  -2.31495
        }
        {VolumeView "wheelr2.ply"}
      }
      {bone revolute "wheelr3"
        {parameters "ID=trackright;"}
        {Matrix34
          -1  0  0
          0  0  1
          0  1  0
          36.8209  0.622881  -2.31475
        }
        {VolumeView "wheelr3.ply"}
      }
      {bone revolute "wheelr4"
        {parameters "ID=trackright;"}
        {Matrix34
          -1  0  0
          0  0  1
          0  1  0
          26.6008  -3.99976  -2.31495
        }
        {VolumeView "wheelr4.ply"}
      }
      {bone revolute "wheelr5"
        {parameters "ID=trackright;"}
        {Matrix34
          -1  0  0
          0  0  1
          0  1  0
          13.653  0.622894  -2.31475
        }
        {VolumeView "wheelr5.ply"}
      }
      {bone revolute "wheelr6"
        {parameters "ID=trackright;"}
        {Matrix34
          -1  0  0
          0  0  1
          0  1  0
          3.85852  -3.99976  -2.31495
        }
        {VolumeView "wheelr6.ply"}
      }
      {bone revolute "wheelr7"
        {parameters "ID=trackright;"}
        {Matrix34
          -1  0  0
          0  0  1
          0  1  0
          -9.02256  0.622898  -2.31475
        }
        {VolumeView "wheelr7.ply"}
      }
      {bone revolute "wheelr8"
        {parameters "ID=trackright;"}
        {Matrix34
          -1  0  0
          0  0  1
          0  1  0
          -18.8354  -3.99976  -2.31495
        }
        {VolumeView "wheelr8.ply"}
      }
      {bone revolute "wheelr9"
        {parameters "ID=trackright;"}
        {Matrix34
          -1  0  0
          0  0  1
          0  1  0
          -31.7156  0.622894  -2.31617
        }
        {VolumeView "wheelr9.ply"}
      }
      {bone "fxtracer1"
        {Matrix34
          -1  0  0
          0  -1  0
          0  0  1
          37.4521  -1.88948  -3.56825
        }
      }
      {bone "fxtracer2"
        {Matrix34
          -0.965926  0  0.258819
          0  -1  0
          0.258819  0  0.965926
          -40.9952  -2.01661  -7.53003
        }
      }
      {bone "trackr"
        {parameters "ID=trackright;"}
        {Matrix34
          1  0  0
          0  0  1
          0  1  0
          8.10218  -2.10734  1.52367
        }
        {VolumeView "trackr.ply"}
      }
    }
    {bone "emit2"
      {Matrix34
        0  1  0
        -1  0  0
        0  0  1
        30.7  -54.4713  0
      }
      {visibility 0}
    }
    {bone "emit3"
      {Matrix34
        0  -1  0
        1  0  0
        0  0  1
        -30.2321  55.5667  0
      }
      {visibility 0}
    }
    {bone "emit4"
      {Matrix34
        0  -1  0
        1  0  0
        0  0  1
        -47.1249  55.5667  0
      }
      {visibility 0}
    }
    {bone "emit6"
      {Matrix34
        0  1  0
        -1  0  0
        0  0  1
        -30.3147  -54.4713  0
      }
      {visibility 0}
    }
    {bone "emit5"
      {Matrix34
        0  1  0
        -1  0  0
        0  0  1
        -46.8763  -54.4713  0
      }
      {visibility 0}
    }
    {bone "emit0"
      {Matrix34
        -1  0  0
        0  -1  0
        0  0  1
        78.7757  11.1183  0
      }
    }
    {bone "emit1"
      {Matrix34
        0  -1  0
        1  0  0
        0  0  1
        27.6623  55.5667  0
      }
      {visibility 0}
    }
  }
}
{Volume "body1"
  {Polyhedron "body1.vol"}
  {Bone "body"}
  {Position 1.4167  -0.848724  14.821}
}
{Volume "body2"
  {Polyhedron "body2.vol"}
  {Bone "body"}
  {Position -6.75308  -0.848711  24.4941}
}
{Volume "crew"
  {Box 11.6162 21.6746 29.8726}
  {Bone "body"}
  {Position -2.1711  2.11278  23.0563}
}
{Volume "engine"
  {Box 18.2138 30.4884 13.8583}
  {Bone "body"}
  {Position -46.4474  2.00934  19.9486}
}
{Volume "gun"
  {Cylinder 2.29098 112.205}
  {Bone "gun"}
  {Matrix34
    0  -1  0
    0  0  1
    -1  0  0
    -33.3553  0.0133826  -0.0587507
  }
}
{Volume "inventory"
  {Box 14.6266 28.3106 15.6401}
  {Bone "body"}
  {Position -15.7787  2.11278  15.9401}
}
{Volume "shieldl1"
  {Polyhedron "shieldl1.vol"}
  {Bone "shieldl1"}
  {Matrix34
    -0.986307  0.153501  -0.0602937
    -0.0595767  0.00927065  0.998181
    0.153781  0.988105  0
    -0.182163  -0.0724258  0.0682602
  }
}
{Volume "shieldl2"
  {Polyhedron "shieldl2.vol"}
  {Bone "shieldl2"}
  {Matrix34
    -0.986307  0.153501  -0.0602937
    -0.0595767  0.00927065  0.998181
    0.153781  0.988105  0
    -0.0521851  0.208946  0.125919
  }
}
{Volume "shieldl3"
  {Polyhedron "shieldl3.vol"}
  {Bone "shieldl3"}
  {Matrix34
    -0.986307  0.153501  -0.0602937
    -0.0595767  0.00927065  0.998181
    0.153781  0.988105  0
    0.060236  0.209476  -0.50654
  }
}
{Volume "shieldl4"
  {Polyhedron "shieldl4.vol"}
  {Bone "shieldl4"}
  {Matrix34
    -0.999377  0.0352702  -0.0012317
    0.00153936  0.0784321  0.996918
    0.0352581  0.996295  -0.0784376
    0.00557017  0.251553  -0.0139561
  }
}
{Volume "shieldl5"
  {Polyhedron "shieldl5.vol"}
  {Bone "shieldl5"}
  {Matrix34
    1  0  0
    0  0.991247  -0.132021
    0  0.132021  0.991247
    0  0.00133514  0.0107861
  }
}
{Volume "shieldl6"
  {Polyhedron "shieldl6.vol"}
  {Bone "shieldl6"}
  {Matrix34
    1  0  0
    0  0.991247  -0.132021
    0  0.132021  0.991247
    0.000343323  0.00128174  0.0119438
  }
}
{Volume "shieldl7"
  {Polyhedron "shieldl7.vol"}
  {Bone "shieldl7"}
  {Matrix34
    1  0  0
    0  0.991247  -0.132021
    0  0.132021  0.991247
    -0.000244141  -0.0574131  -0.489901
  }
}
{Volume "shieldr1"
  {Polyhedron "shieldr1.vol"}
  {Bone "shieldr1"}
  {Matrix34
    0.979326  0.193093  -0.0602935
    0.0591542  0.0116653  0.998181
    0.193445  -0.981111  0
    -0.116035  0.104712  -0.0849724
  }
}
{Volume "shieldr2"
  {Polyhedron "shieldr2.vol"}
  {Bone "shieldr2"}
  {Matrix34
    0.979326  0.193093  -0.0602935
    0.0591542  0.0116653  0.998181
    0.193445  -0.981111  0
    -0.228382  -0.245743  -0.0505371
  }
}
{Volume "shieldr3"
  {Polyhedron "shieldr3.vol"}
  {Bone "shieldr3"}
  {Matrix34
    0.979326  0.193093  -0.0602935
    0.0591542  0.0116653  0.998181
    0.193445  -0.981111  0
    -0.177471  -0.253872  0.013073
  }
}
{Volume "shieldr4"
  {Polyhedron "shieldr4.vol"}
  {Bone "shieldr4"}
  {Matrix34
    0.998646  0.0516335  0.0063713
    -0.00229636  -0.0785987  0.996904
    0.0519744  -0.995568  -0.0783737
    0.00981593  -0.249062  -0.0408859
  }
}
{Volume "shieldr5"
  {Polyhedron "shieldr5.vol"}
  {Bone "shieldr5"}
  {Matrix34
    -0.99969  -0.0118849  -0.0218821
    0.0116979  -0.999894  0.00865346
    -0.0219826  0.00839479  0.999723
    0.00608444  -0.16927  -0.261972
  }
}
{Volume "shieldr6"
  {Polyhedron "shieldr6.vol"}
  {Bone "shieldr6"}
  {Matrix34
    -0.99969  -0.0118849  -0.0218821
    0.0116979  -0.999894  0.00865346
    -0.0219826  0.00839479  0.999723
    0.137314  -0.190075  -0.308842
  }
}
{Volume "shieldr7"
  {Polyhedron "shieldr7.vol"}
  {Bone "shieldr7"}
  {Matrix34
    -0.99969  -0.0118849  -0.0218821
    0.0116979  -0.999894  0.00865346
    -0.0219826  0.00839479  0.999723
    -0.0038681  0.0091629  0.0176983
  }
}
{Volume "trackleft"
  {Polyhedron "trackleft.vol"}
  {Bone "wheelsl"}
  {Matrix34
    -1  0  0
    0  -1  0
    0  0  1
    8.10224  2.10769  1.52371
  }
}
{Volume "trackright"
  {Polyhedron "trackright.vol"}
  {Bone "wheelsr"}
  {Position 8.10224  -2.1077  1.52371}
}
{Volume "turret"
  {Polyhedron "turret.vol"}
  {Bone "turret"}
  {Position -4.58562  -0.00958979  10.0867}
}
