;Exported by: Administrator
;Date:        Sun Oct 04 15:03:48 2015
;File:        F:\我的文档\3d\坦克世界模型\德国\G54_E-50\tank_xx.max
{Skeleton
	{bone "basis"
		{Orientation
			1	0	0
			0	-1	0
			0	0	1
		}
		{bone "body"
			{parameters "ID=body;"}
			{animation
				{sequence "break" {file "body_r.anm"}}
			}
			{Matrix34
				0.999175	0	-0.0406078
				0.00296248	0.997335	0.0728933
				0.0404996	-0.0729535	0.996513
				1.23709	-0.0691984	7.86025
			}
			{VolumeView "body.ply"}
			{bone revolute "turret"
				{parameters "ID=turret;"}
				{animation
					{sequence "break" {file "turret_r.anm"}}
				}
				{speed 0.01}
				{Matrix34
					0.954758	-0.295201	0.0359661
					0.294126	0.95522	0.0323334
					-0.0439004	-0.020292	0.99883
					-11.4481	5.49335	29.9153
				}
				{VolumeView "turret.ply"}
				{bone revolute "gun_rot"
					{parameters "ID=mantlet;"}
					{animation
						{sequence "break" {file "Gun_rot_r.anm"}}
					}
					{limits -10 10}
					{speed 0.01}
					{Matrix34
						0.98698	0.0246915	-0.158935
						-0.160101	0.0560826	-0.985506
						-0.0154201	0.998121	0.0593056
						21.3993	-0.768988	6.5683
					}
					{VolumeView "gun_rot.ply"}
					{bone "gun"
						{parameters "ID=gun;"}
						{animation
							{sequence "break" {file "gun_r.anm"} {speed 0.9}}
						}
						{Matrix34
							0.999999	0.00112475	0
							0	0	1
							0.00112478	-0.999999	0
							0	0	1.2
						}
						{VolumeView "gun.ply"}
					}
				}
			}
		}
		{bone "trackr"
			{parameters "ID=trackright;"}
			{Position 5.65864	-25.8047	12.9559}
			{VolumeView "trackr.ply"}
		}
		{bone "trackl"
			{parameters "ID=trackleft;"}
			{Position 5.67918	25.5929	12.9303}
			{VolumeView "trackl.ply"}
		}
	}
}
{Volume "body1"
	{Polyhedron "body1.vol"}
	{Bone "body"}
	{Position 5.69991	0	0}
}
{Volume "body"
	{Polyhedron "body.vol"}
	{Bone "body"}
	{Position 5.69991	0	0}
}
{Volume "crew"
	{Polyhedron "crew.vol"}
	{Bone "body"}
	{Matrix34
		0.999999	0	0.00112487
		0	1	0
		-0.00112487	0	0.999999
		-2.60771	-0.237064	2.60247
	}
}
{Volume "gun"
	{Polyhedron "gun.vol"}
	{Bone "gun"}
	{Position 2.82837	-0.159033	-0.920017}
}
{Volume "inventory"
	{Polyhedron "inventory.vol"}
	{Bone "body"}
	{Matrix34
		0.999999	0	0.00112487
		0	1	0
		-0.00112487	0	0.999999
		-16.2153	-0.237067	2.58716
	}
}
{Volume "mantlet"
	{Polyhedron "mantlet.vol"}
	{Bone "gun_rot"}
	{Position 2.15285	0.650131	0}
}
{Volume "trackleft"
	{Polyhedron "trackleft.vol"}
	{Bone "basis"}
	{Position -2.68215	27.8549	11.5274}
}
{Volume "trackright"
	{Polyhedron "trackright.vol"}
	{Bone "basis"}
	{Position -2.69844	-27.4712	11.5281}
}
{Volume "turret"
	{Polyhedron "turret.vol"}
	{Bone "turret"}
	{Position 1.76772	-0.0143778	-0.923904}
}
