
{Skeleton
  {animation
    {sequence "hit"}
    {sequence "open" {resume}}
  }
  {bone "basis"
    {parameters "Wheelradius=0.4;"}
    {Orientation
      1  0  0
      0  -1  0
      0  0  1
    }
    {bone "body"
      {parameters "ID=body;"}
      {animation
        {sequence "repair" {file "body_r.anm"}}
      }
      {Matrix34
        1  0  0
        0  1  0
        0  0  1
        0.52892  0.0774831  9.56335
      }
      {VolumeView "body.ply"}
      {bone revolute "turret"
        {parameters "ID=turret;"}
        {animation
          {sequence "repair" {file "turret_r.anm"}}
        }
        {speed 0.005}
        {Matrix34
          0.999999  0  0.00112487
          0  1  0
          -0.00112487  0  0.999999
          -2.66628  -0.0121668  28.4833
        }
        {VolumeView "turret.ply"}
        {bone revolute "gun_rot"
          {parameters "ID=mantlet;"}
          {animation
            {sequence "repair" {file "Gun_rot_r.anm"}}
          }
          {limits -10 10}
          {speed 0.005}
          {Matrix34
            1  0  0
            0  0  -1
            0  1  0
            22.0779  0  6.59846
          }
          {VolumeView "gun_rot.ply"}
          {bone "gun"
            {parameters "ID=gun;"}
            {animation
              {sequence "repair" {file "gun_r.anm"} {speed 0.9}}
            }
            {Matrix34
              0.999999  0.00112477  0
              0  0  1
              0.00112477  -0.999999  0
              0  -0.00904846  1.00217
            }
            {VolumeView "gun.ply"}
            {bone "foresight1"
              {Matrix34
                0.999999  0  0.0011246
                -0.00112438  0  0.999999
                0  -1  0
                101.946  -0.321775  1.36919
              }
            }
          }
        }
        {bone "visor1"
          {Position 14.5201  6.46941  20.5432}
        }
        {bone "visor3"
          {Position -73.9952  0.519711  40.0766}
        }
        {bone revolute "foresight4"
          {limits -15 15}
          {speed 0.005}
          {Matrix34
            0.999999  0  -0.00112484
            -0.00112489  0  -0.999999
            0  1  0
            21.535  -9.69761  10.055
          }
        }
        {bone revolute "gun01"
          {parameters "ID=turret;"}
          {speed 0.005}
          {Matrix34
            0.999999  0  -0.00112487
            0  1  0
            0.00112487  0  0.999999
            -8.5764  -13.1597  15.1
          }
          {VolumeView "gun01.ply"}
          {bone revolute "foresight2"
            {limits -30 30}
            {Matrix34
              0.707107  0  0.707107
              -0.707107  0  0.707107
              0  -1  0
              0.723988  -0.232811  -2.356827
            }
          }
        }
      }
      {bone "visor2"
        {Matrix34
          0.999999  0  0.00112487
          0  1  0
          -0.00112487  0  0.999999
          46.1606  9.3421  28.4771
        }
      }
      {bone "fxfire3"
        {Matrix34
          -0.00112486  0  0.999999
          0  -1  0
          0.999999  0  0.0011248
          -4.43821  0.631994  22.6189
        }
      }
      {bone "fxsmoke1"
        {Matrix34
          0  0.422081  0.906558
          1  0  0
          0  0.906558  -0.422081
          -75.9061  5.78807  25.0707
        }
      }
      {bone "fxsmoke2"
        {Matrix34
          0  0.422081  0.906558
          1  0  0
          0  0.906558  -0.422081
          -75.9395  -8.19035  25.0765
        }
      }
      {bone prizmatic "fx_invers"
        {Matrix34
          -0.986662  0  0.162782
          -0.162782  0  -0.986662
          0  -1  0
          -20.4234  -0.248214  38.0243
        }
      }
      {bone "headlightr"
        {Matrix34
          0.999999  0  0.00112486
          0  1  0
          -0.00112487  0  0.999999
          61.3767  0.0175192  27.2418
        }
      }
      {bone "headlightl"
        {Matrix34
          0.999999  0  0.00112486
          0  1  0
          -0.00112487  0  0.999999
          61.3767  -0.135988  27.2417
        }
      }
      {bone "gunner"
        {Matrix34
          0.999999  0  0.00112486
          -0.000187646  0.985981  0.166856
          -0.0011091  -0.166856  0.985981
          -6.38968  5.85732  14.811
        }
      }
      {bone "charger"
        {Matrix34
          0.999999  0  0.00112486
          -0.000187646  0.985981  0.166856
          -0.0011091  -0.166856  0.985981
          -6.38968  -5.96192  14.811
        }
      }
      {bone "commander"
        {Matrix34
          0.999999  0  0.00112486
          -0.000187646  0.985981  0.166856
          -0.0011091  -0.166856  0.985981
          -16.6139  -0.216258  14.7995
        }
      }
      {bone "engine"
        {parameters "ID=engine;"}
        {animation
          {sequence "repair" {file "engine_r.anm"}}
        }
        {Position -43.3843  -9.46909  28.4276}
        {VolumeView "engine.ply"}
      }
      {bone "fxfire1"
        {Matrix34
          -0.00112486  0  0.999999
          0  -1  0
          0.999999  0  0.0011248
          -38.4235  -4.60795  24.7829
        }
      }
      {bone "fxfire2"
        {Matrix34
          -0.00112486  0  0.999999
          0  -1  0
          0.999999  0  0.0011248
          34.2522  8.63445  23.8304
        }
      }
      {bone "visor4"
        {Matrix34
          0.985003  0  -0.17254
          0  1  0
          0.17254  0  0.985003
          -250.761  0.50761  119.696
        }
      }
      {bone revolute "wheell9"
        {parameters "ID=trackleft;"}
        {Matrix34
          -1  0  0
          0  0  1
          0  1  0
          -52.3809  26.1211  3.7977
        }
        {VolumeView "wheell9.ply"}
      }
      {bone revolute "wheell0"
        {parameters "ID=trackleft;"}
        {Matrix34
          -1  0  0
          0  0  1
          0  1  0
          56.4824  25.5629  7.62016
        }
        {VolumeView "wheell0.ply"}
      }
      {bone revolute "wheelr9"
        {parameters "ID=trackright;"}
        {Matrix34
          -1  0  0
          0  0  1
          0  1  0
          -52.3906  -26.2605  3.79432
        }
        {VolumeView "wheelr9.ply"}
      }
      {bone revolute "wheelr0"
        {parameters "ID=trackright;"}
        {Matrix34
          -1  0  0
          0  0  1
          0  1  0
          56.641  -24.2374  6.8265
        }
        {VolumeView "wheelr0.ply"}
      }
    }
    {bone "emit0"
      {Matrix34
        -1  0  0
        0  -1  0
        0  0  1
        79.9053  10.6403  0
      }
    }
    {bone "wheelsr"
      {parameters "ID=trackright;"}
      {animation
        {sequence "repair" {file "trackR_r.anm"} {speed 0.8}}
      }
      {Position 8.04663  -21.501  11.6768}
      {VolumeView "wheelsr.ply"}
      {bone "fxtracer1"
        {Matrix34
          -1  0  0
          0  -1  0
          0  0  1
          32.2591  -4.46814  -9.66746
        }
      }
      {bone "fxtracer2"
        {Matrix34
          -0.965926  0  0.258819
          0  -1  0
          0.258819  0  0.965926
          -52.657  -4.28378  -8.5905
        }
      }
      {bone "fxtracer3"
        {Matrix34
          -0.965926  0  0.258819
          0  -1  0
          0.258819  0  0.965926
          -46.1595  -4.37206  -11.6057
        }
      }
      {bone "fxtracer4"
        {Matrix34
          0.665766  0  -0.746161
          0  -1  0
          -0.746161  0  -0.665766
          58.8628  -4.37201  1.88191
        }
      }
      {bone "trackr"
        {parameters "ID=trackright;"}
        {Position -2.38799  -4.30366  1.27917}
        {VolumeView "trackr.ply"}
      }
      {bone revolute "wheell8"
        {parameters "ID=trackleft;"}
        {Matrix34
          -1  0  0
          0  0  1
          0  1  0
          -42.5573  48.1009  -1.71918
        }
        {VolumeView "wheell8.ply"}
      }
      {bone revolute "wheell7"
        {parameters "ID=trackleft;"}
        {Matrix34
          -1  0  0
          0  0  1
          0  1  0
          -29.6238  48.0889  -1.7123
        }
        {VolumeView "wheell7.ply"}
      }
      {bone revolute "wheell5"
        {parameters "ID=trackleft;"}
        {Matrix34
          -1  0  0
          0  0  1
          0  1  0
          -10.8702  48.101  -1.71968
        }
        {VolumeView "wheell5.ply"}
      }
      {bone revolute "wheell4"
        {parameters "ID=trackleft;"}
        {Matrix34
          -1  0  0
          0  0  1
          0  1  0
          2.13023  48.089  -1.71157
        }
        {VolumeView "wheell4.ply"}
      }
      {bone revolute "wheell2"
        {parameters "ID=trackleft;"}
        {Matrix34
          -1  0  0
          0  0  1
          0  1  0
          20.8639  48.1008  -1.72012
        }
        {VolumeView "wheell2.ply"}
      }
      {bone revolute "wheell1"
        {parameters "ID=trackleft;"}
        {Matrix34
          -1  0  0
          0  0  1
          0  1  0
          33.5568  48.0889  -1.71199
        }
        {VolumeView "wheell1.ply"}
      }
    }
    {bone "wheelsl"
      {parameters "ID=trackleft;"}
      {animation
        {sequence "repair" {file "trackL_r.anm"} {speed 0.8}}
      }
      {Position -0.621669  21.1662  11.6545}
      {VolumeView "wheelsl.ply"}
      {bone "fxtracel1"
        {Matrix34
          -1  0  0
          0  -1  0
          0  0  1
          40.9274  3.85757  -9.62403
        }
      }
      {bone "fxtracel2"
        {Matrix34
          -0.965926  0  0.258819
          0  -1  0
          0.258819  0  0.965926
          -43.9887  3.85756  -8.58811
        }
      }
      {bone "fxtracel3"
        {Matrix34
          -0.965926  0  0.258819
          0  -1  0
          0.258819  0  0.965926
          -37.4912  3.90895  -11.6077
        }
      }
      {bone "fxtracel4"
        {Matrix34
          0.665766  0  -0.746161
          0  -1  0
          -0.746161  0  -0.665765
          67.5442  3.90899  1.92376
        }
      }
      {bone "trackl"
        {parameters "ID=trackleft;"}
        {Position 6.30085  4.42667  1.27585}
        {VolumeView "trackl.ply"}
      }
      {bone revolute "wheelr8"
        {parameters "ID=trackright;"}
        {Matrix34
          -1  0  0
          0  0  1
          0  1  0
          -33.8668  -47.7434  -1.68945
        }
        {VolumeView "wheelr8.ply"}
      }
      {bone revolute "wheelr7"
        {parameters "ID=trackright;"}
        {Matrix34
          -1  0  0
          0  0  1
          0  1  0
          -20.9819  -47.7315  -1.6988
        }
        {VolumeView "wheelr7.ply"}
      }
      {bone revolute "wheelr5"
        {parameters "ID=trackright;"}
        {Matrix34
          -1  0  0
          0  0  1
          0  1  0
          -2.17965  -47.7433  -1.68995
        }
        {VolumeView "wheelr5.ply"}
      }
      {bone revolute "wheelr4"
        {parameters "ID=trackright;"}
        {Matrix34
          -1  0  0
          0  0  1
          0  1  0
          10.7721  -47.7314  -1.69807
        }
        {VolumeView "wheelr4.ply"}
      }
      {bone revolute "wheelr1"
        {parameters "ID=trackright;"}
        {Matrix34
          -1  0  0
          0  0  1
          0  1  0
          42.1987  -47.7315  -1.6985
        }
        {VolumeView "wheelr1.ply"}
      }
      {bone revolute "wheelr2"
        {parameters "ID=trackright;"}
        {Matrix34
          -1  0  0
          0  0  1
          0  1  0
          29.5545  -47.7436  -1.69039
        }
        {VolumeView "wheelr2.ply"}
      }
    }
    {bone "emit1"
      {Matrix34
        0  -1  0
        1  0  0
        0  0  1
        -4.38501  49.0587  0
      }
    }
    {bone "emit2"
      {Matrix34
        0  1  0
        -1  0  0
        0  0  1
        -8.68004  -46.9909  0
      }
    }
    {bone "emit3"
      {Matrix34
        0  -1  0
        1  0  0
        0  0  1
        -33.1262  47.0302  0
      }
    }
    {bone "emit4"
      {Matrix34
        0  -1  0
        1  0  0
        0  0  1
        -51.0234  47.0302  0
      }
    }
    {bone "emit5"
      {Matrix34
        0  1  0
        -1  0  0
        0  0  1
        -31.5652  -46.513  0
      }
    }
    {bone "emit6"
      {Matrix34
        0  1  0
        -1  0  0
        0  0  1
        -49.4887  -46.513  0
      }
    }
  }
}
{Volume "body1"
  {Polyhedron "body1.vol"}
  {Bone "body"}
  {Position 5.69991  0  0}
}
{Volume "body"
  {Polyhedron "body.vol"}
  {Bone "body"}
  {Position 5.69991  0  0}
}
{Volume "crew"
  {Polyhedron "crew.vol"}
  {Bone "body"}
  {Matrix34
    0.999999  0  0.00112487
    0  1  0
    -0.00112487  0  0.999999
    -2.60771  -0.237064  2.60247
  }
}
{Volume "engine"
  {Polyhedron "engine.vol"}
  {Bone "engine"}
  {Matrix34
    0.999999  0.000617026  0.00112484
    -0.000617027  1  0
    -0.00112491  0  0.999999
    -0.777248  9.70491  -12.688
  }
}
{Volume "gun"
  {Polyhedron "gun.vol"}
  {Bone "gun"}
  {Position 2.82837  -0.159033  -0.920013}
}
{Volume "inventory"
  {Polyhedron "inventory.vol"}
  {Bone "body"}
  {Matrix34
    0.999999  0  0.00112487
    0  1  0
    -0.00112487  0  0.999999
    -16.2153  -0.237067  2.58716
  }
}
{Volume "mantlet"
  {Polyhedron "mantlet.vol"}
  {Bone "gun_rot"}
  {Position 0.15285  -0.650127  0}
}
{Volume "trackleft"
  {Polyhedron "trackleft.vol"}
  {Bone "wheelsl"}
  {Position -2.06048  6.68876  -0.12701}
}
{Volume "trackright"
  {Polyhedron "trackright.vol"}
  {Bone "wheelsr"}
  {Position -10.7451  -5.97014  -0.148655}
}
{Volume "turret"
  {Polyhedron "turret.vol"}
  {Bone "turret"}
  {Position 1.76772  -0.0143776  -4.523897}
}
